{
 "cells": [
  {
   "cell_type": "markdown",
   "metadata": {},
   "source": [
    "# Directed search (optimization) using the workbench\n",
    "\n",
    "## 01. Introduction and model specification\n",
    "\n",
    "In the previous assignments, we have been using sampling to investigate the uncertainty space and the lever space. However, we can also use optimization algorithms to search through these spaces. Most often, you would use optimization to search through the lever space in order to find promising policies. However, we can also use optimization to search through the uncertainty space in order to find for example a worst case scenario. In this assignment, we are going through the basics of using the optimization functionality of the workbench. \n",
    "\n",
    "For optimization, the ema_workbench relies on a library called platypus-opt. *platypus-opt* is python package developed by David Hadka (http://platypus.readthedocs.io/en/latest/) for multi-objective optimization. It allows an explicit specification of the problem components (levers, objectives, constraints). The package includes several multi-objective evolutionary algorithms, therefore the users can choose the algorithm they wish to use. \n",
    "\n",
    "you can use pip to install it:\n",
    "\n",
    "```\n",
    "pip install platypus-opt\n",
    "```\n",
    "\n",
    "Start with importing the lake model we have used in previous weeks and connecting it to the workbench. However, we need to make one change: for each outcome of interest we need to specify whether we want to maximize or minimize it, we can use the `kind` kwarg for this. `max_P` should be minimized, while all other outcomes are to be maximized. As a further simplification for this tutorial, we are ignoring the inertia objective. We do this by not setting the `kind` kwarg. \n"
   ]
  },
  {
   "cell_type": "code",
   "execution_count": 1,
   "metadata": {
    "collapsed": true
   },
   "outputs": [],
   "source": [
    "import numpy as np\n",
    "import pandas as pd\n",
    "\n",
    "from lakemodel_function import lake_problem\n",
    "\n",
    "from ema_workbench import (Model, RealParameter, ScalarOutcome,\n",
    "                           MultiprocessingEvaluator, ema_logging,\n",
    "                           Constant)\n",
    "\n",
    "ema_logging.log_to_stderr(ema_logging.INFO)\n",
    "\n",
    "#instantiate the model\n",
    "lake_model = Model('lakeproblem', function=lake_problem)\n",
    "lake_model.time_horizon = 100 # used to specify the number of timesteps\n",
    "\n",
    "#specify uncertainties\n",
    "lake_model.uncertainties = [RealParameter('mean', 0.01, 0.05),\n",
    "                            RealParameter('stdev', 0.001, 0.005),\n",
    "                            RealParameter('b', 0.1, 0.45),\n",
    "                            RealParameter('q', 2.0, 4.5),\n",
    "                            RealParameter('delta', 0.93, 0.99)]\n",
    "\n",
    "# set levers, one for each time step\n",
    "lake_model.levers = [RealParameter(str(i), 0, 0.1) for i in \n",
    "                     range(lake_model.time_horizon)] # we use time_horizon here\n",
    "\n",
    "#specify outcomes \n",
    "lake_model.outcomes = [ScalarOutcome('max_P', kind=ScalarOutcome.MINIMIZE),\n",
    "                       ScalarOutcome('utility', kind=ScalarOutcome.MAXIMIZE),\n",
    "                       ScalarOutcome('inertia'),\n",
    "                       ScalarOutcome('reliability', kind=ScalarOutcome.MAXIMIZE)]"
   ]
  },
  {
   "cell_type": "markdown",
   "metadata": {},
   "source": [
    "## 02. Performing the optimization\n",
    "\n",
    "Instead of using `perform_experiments`, we will be using `optimize`. There is several kwargs that we need to provide, so let's go through all:\n",
    "\n",
    "* **algorithm**; We can specify which algorithm we want to use. The default is $\\epsilon$-NSGA2, a state of the art many-objective evolutionary algorithm. We can use any of the other algorithms that come with platypus-opt, or the GenerationalBorg algorithm that comes with the workbench. For now, we won't change this.\n",
    "* **nfe**; the number of function evaluations, this is to be determined by analyzing whether the algorithm has converged\n",
    "* **searchover**; are we optimizing over the uncertainties or the levers? Most often we will be searching over the levers, so we don't generally need to change this. \n",
    "* **reference**; If we are searching over levers, what values should we assume for the uncertainties? Reference allows us to specify this. If searchover is set to levers, reference should be a `Scenario` or None, while if searchover is uncertainties, reference should be a `Policy` or None. In case of a None, the default values of the underlying model are unchanged\n",
    "* **constraints**; see below\n",
    "* **epsilons**; many state of the art MOEA's rely on a epsilon dominance. Basically, a grid is imposed on the objective space, and per grid cell a single solution is maintained. The granularity of the grid is specified through the epsilon values. Epsilon should be a list or array with a length equal to the number of outcomes. Below, we will see what the impact is of changing epsilon values.\n",
    "* **convergence**; In order to track whether a MOEA has converged to the optimum solutions, we use convergence metrics. The workbench offers epsilon progress and hypervolume as two often used metrics for this. We will explore these below. \n",
    "\n",
    "let's start with a simple optimization using 5000 nfe, and the 0.25, 0.1, and 0.1 as epsilon values. "
   ]
  },
  {
   "cell_type": "code",
   "execution_count": 2,
   "metadata": {},
   "outputs": [
    {
     "name": "stderr",
     "output_type": "stream",
     "text": [
      "[MainProcess/INFO] pool started\n",
      "[MainProcess/INFO] generation 0: 0/5000 nfe\n",
      "[MainProcess/INFO] generation 5: 500/5000 nfe\n",
      "[MainProcess/INFO] generation 10: 1000/5000 nfe\n",
      "[MainProcess/INFO] generation 15: 1500/5000 nfe\n",
      "[MainProcess/INFO] generation 20: 2000/5000 nfe\n",
      "[MainProcess/INFO] generation 25: 2500/5000 nfe\n",
      "[MainProcess/INFO] generation 30: 3000/5000 nfe\n",
      "[MainProcess/INFO] generation 35: 3500/5000 nfe\n",
      "[MainProcess/INFO] generation 40: 4000/5000 nfe\n",
      "[MainProcess/INFO] generation 45: 4500/5000 nfe\n",
      "[MainProcess/INFO] optimization completed, found 8 solutions\n",
      "[MainProcess/INFO] terminating pool\n"
     ]
    }
   ],
   "source": [
    "with MultiprocessingEvaluator(lake_model) as evaluator:\n",
    "    results = evaluator.optimize(nfe=5000, epsilons=[0.25, 0.1, 0.1])"
   ]
  },
  {
   "cell_type": "code",
   "execution_count": 3,
   "metadata": {},
   "outputs": [
    {
     "data": {
      "text/html": [
       "<div>\n",
       "<style scoped>\n",
       "    .dataframe tbody tr th:only-of-type {\n",
       "        vertical-align: middle;\n",
       "    }\n",
       "\n",
       "    .dataframe tbody tr th {\n",
       "        vertical-align: top;\n",
       "    }\n",
       "\n",
       "    .dataframe thead th {\n",
       "        text-align: right;\n",
       "    }\n",
       "</style>\n",
       "<table border=\"1\" class=\"dataframe\">\n",
       "  <thead>\n",
       "    <tr style=\"text-align: right;\">\n",
       "      <th></th>\n",
       "      <th>0</th>\n",
       "      <th>1</th>\n",
       "      <th>2</th>\n",
       "      <th>3</th>\n",
       "      <th>4</th>\n",
       "      <th>5</th>\n",
       "      <th>6</th>\n",
       "      <th>7</th>\n",
       "      <th>8</th>\n",
       "      <th>9</th>\n",
       "      <th>...</th>\n",
       "      <th>93</th>\n",
       "      <th>94</th>\n",
       "      <th>95</th>\n",
       "      <th>96</th>\n",
       "      <th>97</th>\n",
       "      <th>98</th>\n",
       "      <th>99</th>\n",
       "      <th>max_P</th>\n",
       "      <th>utility</th>\n",
       "      <th>reliability</th>\n",
       "    </tr>\n",
       "  </thead>\n",
       "  <tbody>\n",
       "    <tr>\n",
       "      <th>0</th>\n",
       "      <td>0.037657</td>\n",
       "      <td>0.066864</td>\n",
       "      <td>0.098438</td>\n",
       "      <td>0.035290</td>\n",
       "      <td>0.074083</td>\n",
       "      <td>0.023045</td>\n",
       "      <td>0.006580</td>\n",
       "      <td>0.030652</td>\n",
       "      <td>0.042656</td>\n",
       "      <td>0.000132</td>\n",
       "      <td>...</td>\n",
       "      <td>0.036235</td>\n",
       "      <td>0.095767</td>\n",
       "      <td>0.095421</td>\n",
       "      <td>0.061358</td>\n",
       "      <td>0.082605</td>\n",
       "      <td>0.084066</td>\n",
       "      <td>0.021547</td>\n",
       "      <td>2.213604</td>\n",
       "      <td>1.060480</td>\n",
       "      <td>0.2102</td>\n",
       "    </tr>\n",
       "    <tr>\n",
       "      <th>1</th>\n",
       "      <td>0.086031</td>\n",
       "      <td>0.063820</td>\n",
       "      <td>0.042314</td>\n",
       "      <td>0.012736</td>\n",
       "      <td>0.020972</td>\n",
       "      <td>0.023121</td>\n",
       "      <td>0.045238</td>\n",
       "      <td>0.010427</td>\n",
       "      <td>0.006044</td>\n",
       "      <td>0.011714</td>\n",
       "      <td>...</td>\n",
       "      <td>0.047485</td>\n",
       "      <td>0.091285</td>\n",
       "      <td>0.004012</td>\n",
       "      <td>0.072523</td>\n",
       "      <td>0.085645</td>\n",
       "      <td>0.071160</td>\n",
       "      <td>0.002221</td>\n",
       "      <td>2.166280</td>\n",
       "      <td>0.704217</td>\n",
       "      <td>0.4106</td>\n",
       "    </tr>\n",
       "    <tr>\n",
       "      <th>2</th>\n",
       "      <td>0.043955</td>\n",
       "      <td>0.063623</td>\n",
       "      <td>0.048904</td>\n",
       "      <td>0.012736</td>\n",
       "      <td>0.083512</td>\n",
       "      <td>0.022640</td>\n",
       "      <td>0.096243</td>\n",
       "      <td>0.002497</td>\n",
       "      <td>0.051862</td>\n",
       "      <td>0.003652</td>\n",
       "      <td>...</td>\n",
       "      <td>0.020504</td>\n",
       "      <td>0.087273</td>\n",
       "      <td>0.004019</td>\n",
       "      <td>0.079706</td>\n",
       "      <td>0.048658</td>\n",
       "      <td>0.050480</td>\n",
       "      <td>0.002311</td>\n",
       "      <td>2.130997</td>\n",
       "      <td>0.610055</td>\n",
       "      <td>0.5680</td>\n",
       "    </tr>\n",
       "    <tr>\n",
       "      <th>3</th>\n",
       "      <td>0.084234</td>\n",
       "      <td>0.072829</td>\n",
       "      <td>0.090469</td>\n",
       "      <td>0.008295</td>\n",
       "      <td>0.068197</td>\n",
       "      <td>0.024053</td>\n",
       "      <td>0.002765</td>\n",
       "      <td>0.009833</td>\n",
       "      <td>0.006569</td>\n",
       "      <td>0.012180</td>\n",
       "      <td>...</td>\n",
       "      <td>0.025761</td>\n",
       "      <td>0.095994</td>\n",
       "      <td>0.048926</td>\n",
       "      <td>0.005930</td>\n",
       "      <td>0.081458</td>\n",
       "      <td>0.075116</td>\n",
       "      <td>0.010166</td>\n",
       "      <td>2.177817</td>\n",
       "      <td>0.826090</td>\n",
       "      <td>0.3198</td>\n",
       "    </tr>\n",
       "    <tr>\n",
       "      <th>4</th>\n",
       "      <td>0.082716</td>\n",
       "      <td>0.057620</td>\n",
       "      <td>0.045992</td>\n",
       "      <td>0.012428</td>\n",
       "      <td>0.021045</td>\n",
       "      <td>0.022658</td>\n",
       "      <td>0.094423</td>\n",
       "      <td>0.002132</td>\n",
       "      <td>0.051697</td>\n",
       "      <td>0.003553</td>\n",
       "      <td>...</td>\n",
       "      <td>0.020503</td>\n",
       "      <td>0.078331</td>\n",
       "      <td>0.004019</td>\n",
       "      <td>0.004765</td>\n",
       "      <td>0.010115</td>\n",
       "      <td>0.074414</td>\n",
       "      <td>0.053042</td>\n",
       "      <td>0.341794</td>\n",
       "      <td>0.509395</td>\n",
       "      <td>1.0000</td>\n",
       "    </tr>\n",
       "    <tr>\n",
       "      <th>5</th>\n",
       "      <td>0.095486</td>\n",
       "      <td>0.093994</td>\n",
       "      <td>0.093294</td>\n",
       "      <td>0.095167</td>\n",
       "      <td>0.082222</td>\n",
       "      <td>0.099182</td>\n",
       "      <td>0.097186</td>\n",
       "      <td>0.077100</td>\n",
       "      <td>0.093426</td>\n",
       "      <td>0.096193</td>\n",
       "      <td>...</td>\n",
       "      <td>0.084484</td>\n",
       "      <td>0.096502</td>\n",
       "      <td>0.090066</td>\n",
       "      <td>0.099850</td>\n",
       "      <td>0.096396</td>\n",
       "      <td>0.094051</td>\n",
       "      <td>0.075975</td>\n",
       "      <td>2.262975</td>\n",
       "      <td>1.530455</td>\n",
       "      <td>0.0700</td>\n",
       "    </tr>\n",
       "    <tr>\n",
       "      <th>6</th>\n",
       "      <td>0.082440</td>\n",
       "      <td>0.063217</td>\n",
       "      <td>0.048904</td>\n",
       "      <td>0.012386</td>\n",
       "      <td>0.020095</td>\n",
       "      <td>0.000430</td>\n",
       "      <td>0.097950</td>\n",
       "      <td>0.002132</td>\n",
       "      <td>0.050201</td>\n",
       "      <td>0.003535</td>\n",
       "      <td>...</td>\n",
       "      <td>0.005446</td>\n",
       "      <td>0.050378</td>\n",
       "      <td>0.004019</td>\n",
       "      <td>0.062004</td>\n",
       "      <td>0.010115</td>\n",
       "      <td>0.049367</td>\n",
       "      <td>0.053052</td>\n",
       "      <td>0.224333</td>\n",
       "      <td>0.451929</td>\n",
       "      <td>1.0000</td>\n",
       "    </tr>\n",
       "    <tr>\n",
       "      <th>7</th>\n",
       "      <td>0.094343</td>\n",
       "      <td>0.090507</td>\n",
       "      <td>0.093371</td>\n",
       "      <td>0.031362</td>\n",
       "      <td>0.065315</td>\n",
       "      <td>0.079491</td>\n",
       "      <td>0.033690</td>\n",
       "      <td>0.001829</td>\n",
       "      <td>0.092820</td>\n",
       "      <td>0.096952</td>\n",
       "      <td>...</td>\n",
       "      <td>0.081654</td>\n",
       "      <td>0.082264</td>\n",
       "      <td>0.067184</td>\n",
       "      <td>0.096257</td>\n",
       "      <td>0.083952</td>\n",
       "      <td>0.047169</td>\n",
       "      <td>0.075883</td>\n",
       "      <td>2.248101</td>\n",
       "      <td>1.332335</td>\n",
       "      <td>0.1083</td>\n",
       "    </tr>\n",
       "  </tbody>\n",
       "</table>\n",
       "<p>8 rows × 103 columns</p>\n",
       "</div>"
      ],
      "text/plain": [
       "          0         1         2         3         4         5         6  \\\n",
       "0  0.037657  0.066864  0.098438  0.035290  0.074083  0.023045  0.006580   \n",
       "1  0.086031  0.063820  0.042314  0.012736  0.020972  0.023121  0.045238   \n",
       "2  0.043955  0.063623  0.048904  0.012736  0.083512  0.022640  0.096243   \n",
       "3  0.084234  0.072829  0.090469  0.008295  0.068197  0.024053  0.002765   \n",
       "4  0.082716  0.057620  0.045992  0.012428  0.021045  0.022658  0.094423   \n",
       "5  0.095486  0.093994  0.093294  0.095167  0.082222  0.099182  0.097186   \n",
       "6  0.082440  0.063217  0.048904  0.012386  0.020095  0.000430  0.097950   \n",
       "7  0.094343  0.090507  0.093371  0.031362  0.065315  0.079491  0.033690   \n",
       "\n",
       "          7         8         9  ...        93        94        95        96  \\\n",
       "0  0.030652  0.042656  0.000132  ...  0.036235  0.095767  0.095421  0.061358   \n",
       "1  0.010427  0.006044  0.011714  ...  0.047485  0.091285  0.004012  0.072523   \n",
       "2  0.002497  0.051862  0.003652  ...  0.020504  0.087273  0.004019  0.079706   \n",
       "3  0.009833  0.006569  0.012180  ...  0.025761  0.095994  0.048926  0.005930   \n",
       "4  0.002132  0.051697  0.003553  ...  0.020503  0.078331  0.004019  0.004765   \n",
       "5  0.077100  0.093426  0.096193  ...  0.084484  0.096502  0.090066  0.099850   \n",
       "6  0.002132  0.050201  0.003535  ...  0.005446  0.050378  0.004019  0.062004   \n",
       "7  0.001829  0.092820  0.096952  ...  0.081654  0.082264  0.067184  0.096257   \n",
       "\n",
       "         97        98        99     max_P   utility  reliability  \n",
       "0  0.082605  0.084066  0.021547  2.213604  1.060480       0.2102  \n",
       "1  0.085645  0.071160  0.002221  2.166280  0.704217       0.4106  \n",
       "2  0.048658  0.050480  0.002311  2.130997  0.610055       0.5680  \n",
       "3  0.081458  0.075116  0.010166  2.177817  0.826090       0.3198  \n",
       "4  0.010115  0.074414  0.053042  0.341794  0.509395       1.0000  \n",
       "5  0.096396  0.094051  0.075975  2.262975  1.530455       0.0700  \n",
       "6  0.010115  0.049367  0.053052  0.224333  0.451929       1.0000  \n",
       "7  0.083952  0.047169  0.075883  2.248101  1.332335       0.1083  \n",
       "\n",
       "[8 rows x 103 columns]"
      ]
     },
     "execution_count": 3,
     "metadata": {},
     "output_type": "execute_result"
    }
   ],
   "source": [
    "results"
   ]
  },
  {
   "cell_type": "code",
   "execution_count": 4,
   "metadata": {},
   "outputs": [
    {
     "data": {
      "text/html": [
       "<div>\n",
       "<style scoped>\n",
       "    .dataframe tbody tr th:only-of-type {\n",
       "        vertical-align: middle;\n",
       "    }\n",
       "\n",
       "    .dataframe tbody tr th {\n",
       "        vertical-align: top;\n",
       "    }\n",
       "\n",
       "    .dataframe thead th {\n",
       "        text-align: right;\n",
       "    }\n",
       "</style>\n",
       "<table border=\"1\" class=\"dataframe\">\n",
       "  <thead>\n",
       "    <tr style=\"text-align: right;\">\n",
       "      <th></th>\n",
       "      <th>0</th>\n",
       "      <th>1</th>\n",
       "      <th>2</th>\n",
       "      <th>3</th>\n",
       "      <th>4</th>\n",
       "      <th>5</th>\n",
       "      <th>6</th>\n",
       "      <th>7</th>\n",
       "      <th>8</th>\n",
       "      <th>9</th>\n",
       "      <th>...</th>\n",
       "      <th>93</th>\n",
       "      <th>94</th>\n",
       "      <th>95</th>\n",
       "      <th>96</th>\n",
       "      <th>97</th>\n",
       "      <th>98</th>\n",
       "      <th>99</th>\n",
       "      <th>max_P</th>\n",
       "      <th>utility</th>\n",
       "      <th>reliability</th>\n",
       "    </tr>\n",
       "  </thead>\n",
       "  <tbody>\n",
       "    <tr>\n",
       "      <th>5</th>\n",
       "      <td>0.095486</td>\n",
       "      <td>0.093994</td>\n",
       "      <td>0.093294</td>\n",
       "      <td>0.095167</td>\n",
       "      <td>0.082222</td>\n",
       "      <td>0.099182</td>\n",
       "      <td>0.097186</td>\n",
       "      <td>0.077100</td>\n",
       "      <td>0.093426</td>\n",
       "      <td>0.096193</td>\n",
       "      <td>...</td>\n",
       "      <td>0.084484</td>\n",
       "      <td>0.096502</td>\n",
       "      <td>0.090066</td>\n",
       "      <td>0.099850</td>\n",
       "      <td>0.096396</td>\n",
       "      <td>0.094051</td>\n",
       "      <td>0.075975</td>\n",
       "      <td>2.262975</td>\n",
       "      <td>1.530455</td>\n",
       "      <td>0.0700</td>\n",
       "    </tr>\n",
       "    <tr>\n",
       "      <th>7</th>\n",
       "      <td>0.094343</td>\n",
       "      <td>0.090507</td>\n",
       "      <td>0.093371</td>\n",
       "      <td>0.031362</td>\n",
       "      <td>0.065315</td>\n",
       "      <td>0.079491</td>\n",
       "      <td>0.033690</td>\n",
       "      <td>0.001829</td>\n",
       "      <td>0.092820</td>\n",
       "      <td>0.096952</td>\n",
       "      <td>...</td>\n",
       "      <td>0.081654</td>\n",
       "      <td>0.082264</td>\n",
       "      <td>0.067184</td>\n",
       "      <td>0.096257</td>\n",
       "      <td>0.083952</td>\n",
       "      <td>0.047169</td>\n",
       "      <td>0.075883</td>\n",
       "      <td>2.248101</td>\n",
       "      <td>1.332335</td>\n",
       "      <td>0.1083</td>\n",
       "    </tr>\n",
       "    <tr>\n",
       "      <th>0</th>\n",
       "      <td>0.037657</td>\n",
       "      <td>0.066864</td>\n",
       "      <td>0.098438</td>\n",
       "      <td>0.035290</td>\n",
       "      <td>0.074083</td>\n",
       "      <td>0.023045</td>\n",
       "      <td>0.006580</td>\n",
       "      <td>0.030652</td>\n",
       "      <td>0.042656</td>\n",
       "      <td>0.000132</td>\n",
       "      <td>...</td>\n",
       "      <td>0.036235</td>\n",
       "      <td>0.095767</td>\n",
       "      <td>0.095421</td>\n",
       "      <td>0.061358</td>\n",
       "      <td>0.082605</td>\n",
       "      <td>0.084066</td>\n",
       "      <td>0.021547</td>\n",
       "      <td>2.213604</td>\n",
       "      <td>1.060480</td>\n",
       "      <td>0.2102</td>\n",
       "    </tr>\n",
       "    <tr>\n",
       "      <th>3</th>\n",
       "      <td>0.084234</td>\n",
       "      <td>0.072829</td>\n",
       "      <td>0.090469</td>\n",
       "      <td>0.008295</td>\n",
       "      <td>0.068197</td>\n",
       "      <td>0.024053</td>\n",
       "      <td>0.002765</td>\n",
       "      <td>0.009833</td>\n",
       "      <td>0.006569</td>\n",
       "      <td>0.012180</td>\n",
       "      <td>...</td>\n",
       "      <td>0.025761</td>\n",
       "      <td>0.095994</td>\n",
       "      <td>0.048926</td>\n",
       "      <td>0.005930</td>\n",
       "      <td>0.081458</td>\n",
       "      <td>0.075116</td>\n",
       "      <td>0.010166</td>\n",
       "      <td>2.177817</td>\n",
       "      <td>0.826090</td>\n",
       "      <td>0.3198</td>\n",
       "    </tr>\n",
       "    <tr>\n",
       "      <th>1</th>\n",
       "      <td>0.086031</td>\n",
       "      <td>0.063820</td>\n",
       "      <td>0.042314</td>\n",
       "      <td>0.012736</td>\n",
       "      <td>0.020972</td>\n",
       "      <td>0.023121</td>\n",
       "      <td>0.045238</td>\n",
       "      <td>0.010427</td>\n",
       "      <td>0.006044</td>\n",
       "      <td>0.011714</td>\n",
       "      <td>...</td>\n",
       "      <td>0.047485</td>\n",
       "      <td>0.091285</td>\n",
       "      <td>0.004012</td>\n",
       "      <td>0.072523</td>\n",
       "      <td>0.085645</td>\n",
       "      <td>0.071160</td>\n",
       "      <td>0.002221</td>\n",
       "      <td>2.166280</td>\n",
       "      <td>0.704217</td>\n",
       "      <td>0.4106</td>\n",
       "    </tr>\n",
       "    <tr>\n",
       "      <th>2</th>\n",
       "      <td>0.043955</td>\n",
       "      <td>0.063623</td>\n",
       "      <td>0.048904</td>\n",
       "      <td>0.012736</td>\n",
       "      <td>0.083512</td>\n",
       "      <td>0.022640</td>\n",
       "      <td>0.096243</td>\n",
       "      <td>0.002497</td>\n",
       "      <td>0.051862</td>\n",
       "      <td>0.003652</td>\n",
       "      <td>...</td>\n",
       "      <td>0.020504</td>\n",
       "      <td>0.087273</td>\n",
       "      <td>0.004019</td>\n",
       "      <td>0.079706</td>\n",
       "      <td>0.048658</td>\n",
       "      <td>0.050480</td>\n",
       "      <td>0.002311</td>\n",
       "      <td>2.130997</td>\n",
       "      <td>0.610055</td>\n",
       "      <td>0.5680</td>\n",
       "    </tr>\n",
       "    <tr>\n",
       "      <th>4</th>\n",
       "      <td>0.082716</td>\n",
       "      <td>0.057620</td>\n",
       "      <td>0.045992</td>\n",
       "      <td>0.012428</td>\n",
       "      <td>0.021045</td>\n",
       "      <td>0.022658</td>\n",
       "      <td>0.094423</td>\n",
       "      <td>0.002132</td>\n",
       "      <td>0.051697</td>\n",
       "      <td>0.003553</td>\n",
       "      <td>...</td>\n",
       "      <td>0.020503</td>\n",
       "      <td>0.078331</td>\n",
       "      <td>0.004019</td>\n",
       "      <td>0.004765</td>\n",
       "      <td>0.010115</td>\n",
       "      <td>0.074414</td>\n",
       "      <td>0.053042</td>\n",
       "      <td>0.341794</td>\n",
       "      <td>0.509395</td>\n",
       "      <td>1.0000</td>\n",
       "    </tr>\n",
       "    <tr>\n",
       "      <th>6</th>\n",
       "      <td>0.082440</td>\n",
       "      <td>0.063217</td>\n",
       "      <td>0.048904</td>\n",
       "      <td>0.012386</td>\n",
       "      <td>0.020095</td>\n",
       "      <td>0.000430</td>\n",
       "      <td>0.097950</td>\n",
       "      <td>0.002132</td>\n",
       "      <td>0.050201</td>\n",
       "      <td>0.003535</td>\n",
       "      <td>...</td>\n",
       "      <td>0.005446</td>\n",
       "      <td>0.050378</td>\n",
       "      <td>0.004019</td>\n",
       "      <td>0.062004</td>\n",
       "      <td>0.010115</td>\n",
       "      <td>0.049367</td>\n",
       "      <td>0.053052</td>\n",
       "      <td>0.224333</td>\n",
       "      <td>0.451929</td>\n",
       "      <td>1.0000</td>\n",
       "    </tr>\n",
       "  </tbody>\n",
       "</table>\n",
       "<p>8 rows × 103 columns</p>\n",
       "</div>"
      ],
      "text/plain": [
       "          0         1         2         3         4         5         6  \\\n",
       "5  0.095486  0.093994  0.093294  0.095167  0.082222  0.099182  0.097186   \n",
       "7  0.094343  0.090507  0.093371  0.031362  0.065315  0.079491  0.033690   \n",
       "0  0.037657  0.066864  0.098438  0.035290  0.074083  0.023045  0.006580   \n",
       "3  0.084234  0.072829  0.090469  0.008295  0.068197  0.024053  0.002765   \n",
       "1  0.086031  0.063820  0.042314  0.012736  0.020972  0.023121  0.045238   \n",
       "2  0.043955  0.063623  0.048904  0.012736  0.083512  0.022640  0.096243   \n",
       "4  0.082716  0.057620  0.045992  0.012428  0.021045  0.022658  0.094423   \n",
       "6  0.082440  0.063217  0.048904  0.012386  0.020095  0.000430  0.097950   \n",
       "\n",
       "          7         8         9  ...        93        94        95        96  \\\n",
       "5  0.077100  0.093426  0.096193  ...  0.084484  0.096502  0.090066  0.099850   \n",
       "7  0.001829  0.092820  0.096952  ...  0.081654  0.082264  0.067184  0.096257   \n",
       "0  0.030652  0.042656  0.000132  ...  0.036235  0.095767  0.095421  0.061358   \n",
       "3  0.009833  0.006569  0.012180  ...  0.025761  0.095994  0.048926  0.005930   \n",
       "1  0.010427  0.006044  0.011714  ...  0.047485  0.091285  0.004012  0.072523   \n",
       "2  0.002497  0.051862  0.003652  ...  0.020504  0.087273  0.004019  0.079706   \n",
       "4  0.002132  0.051697  0.003553  ...  0.020503  0.078331  0.004019  0.004765   \n",
       "6  0.002132  0.050201  0.003535  ...  0.005446  0.050378  0.004019  0.062004   \n",
       "\n",
       "         97        98        99     max_P   utility  reliability  \n",
       "5  0.096396  0.094051  0.075975  2.262975  1.530455       0.0700  \n",
       "7  0.083952  0.047169  0.075883  2.248101  1.332335       0.1083  \n",
       "0  0.082605  0.084066  0.021547  2.213604  1.060480       0.2102  \n",
       "3  0.081458  0.075116  0.010166  2.177817  0.826090       0.3198  \n",
       "1  0.085645  0.071160  0.002221  2.166280  0.704217       0.4106  \n",
       "2  0.048658  0.050480  0.002311  2.130997  0.610055       0.5680  \n",
       "4  0.010115  0.074414  0.053042  0.341794  0.509395       1.0000  \n",
       "6  0.010115  0.049367  0.053052  0.224333  0.451929       1.0000  \n",
       "\n",
       "[8 rows x 103 columns]"
      ]
     },
     "execution_count": 4,
     "metadata": {},
     "output_type": "execute_result"
    }
   ],
   "source": [
    "results.sort_values('max_P', ascending=False)"
   ]
  },
  {
   "cell_type": "code",
   "execution_count": 5,
   "metadata": {},
   "outputs": [
    {
     "data": {
      "text/html": [
       "<div>\n",
       "<style scoped>\n",
       "    .dataframe tbody tr th:only-of-type {\n",
       "        vertical-align: middle;\n",
       "    }\n",
       "\n",
       "    .dataframe tbody tr th {\n",
       "        vertical-align: top;\n",
       "    }\n",
       "\n",
       "    .dataframe thead th {\n",
       "        text-align: right;\n",
       "    }\n",
       "</style>\n",
       "<table border=\"1\" class=\"dataframe\">\n",
       "  <thead>\n",
       "    <tr style=\"text-align: right;\">\n",
       "      <th></th>\n",
       "      <th>0</th>\n",
       "      <th>1</th>\n",
       "      <th>2</th>\n",
       "      <th>3</th>\n",
       "      <th>4</th>\n",
       "      <th>5</th>\n",
       "      <th>6</th>\n",
       "      <th>7</th>\n",
       "      <th>8</th>\n",
       "      <th>9</th>\n",
       "      <th>...</th>\n",
       "      <th>93</th>\n",
       "      <th>94</th>\n",
       "      <th>95</th>\n",
       "      <th>96</th>\n",
       "      <th>97</th>\n",
       "      <th>98</th>\n",
       "      <th>99</th>\n",
       "      <th>max_P</th>\n",
       "      <th>utility</th>\n",
       "      <th>reliability</th>\n",
       "    </tr>\n",
       "  </thead>\n",
       "  <tbody>\n",
       "    <tr>\n",
       "      <th>6</th>\n",
       "      <td>0.082440</td>\n",
       "      <td>0.063217</td>\n",
       "      <td>0.048904</td>\n",
       "      <td>0.012386</td>\n",
       "      <td>0.020095</td>\n",
       "      <td>0.000430</td>\n",
       "      <td>0.097950</td>\n",
       "      <td>0.002132</td>\n",
       "      <td>0.050201</td>\n",
       "      <td>0.003535</td>\n",
       "      <td>...</td>\n",
       "      <td>0.005446</td>\n",
       "      <td>0.050378</td>\n",
       "      <td>0.004019</td>\n",
       "      <td>0.062004</td>\n",
       "      <td>0.010115</td>\n",
       "      <td>0.049367</td>\n",
       "      <td>0.053052</td>\n",
       "      <td>0.224333</td>\n",
       "      <td>0.451929</td>\n",
       "      <td>1.0000</td>\n",
       "    </tr>\n",
       "    <tr>\n",
       "      <th>4</th>\n",
       "      <td>0.082716</td>\n",
       "      <td>0.057620</td>\n",
       "      <td>0.045992</td>\n",
       "      <td>0.012428</td>\n",
       "      <td>0.021045</td>\n",
       "      <td>0.022658</td>\n",
       "      <td>0.094423</td>\n",
       "      <td>0.002132</td>\n",
       "      <td>0.051697</td>\n",
       "      <td>0.003553</td>\n",
       "      <td>...</td>\n",
       "      <td>0.020503</td>\n",
       "      <td>0.078331</td>\n",
       "      <td>0.004019</td>\n",
       "      <td>0.004765</td>\n",
       "      <td>0.010115</td>\n",
       "      <td>0.074414</td>\n",
       "      <td>0.053042</td>\n",
       "      <td>0.341794</td>\n",
       "      <td>0.509395</td>\n",
       "      <td>1.0000</td>\n",
       "    </tr>\n",
       "    <tr>\n",
       "      <th>2</th>\n",
       "      <td>0.043955</td>\n",
       "      <td>0.063623</td>\n",
       "      <td>0.048904</td>\n",
       "      <td>0.012736</td>\n",
       "      <td>0.083512</td>\n",
       "      <td>0.022640</td>\n",
       "      <td>0.096243</td>\n",
       "      <td>0.002497</td>\n",
       "      <td>0.051862</td>\n",
       "      <td>0.003652</td>\n",
       "      <td>...</td>\n",
       "      <td>0.020504</td>\n",
       "      <td>0.087273</td>\n",
       "      <td>0.004019</td>\n",
       "      <td>0.079706</td>\n",
       "      <td>0.048658</td>\n",
       "      <td>0.050480</td>\n",
       "      <td>0.002311</td>\n",
       "      <td>2.130997</td>\n",
       "      <td>0.610055</td>\n",
       "      <td>0.5680</td>\n",
       "    </tr>\n",
       "    <tr>\n",
       "      <th>1</th>\n",
       "      <td>0.086031</td>\n",
       "      <td>0.063820</td>\n",
       "      <td>0.042314</td>\n",
       "      <td>0.012736</td>\n",
       "      <td>0.020972</td>\n",
       "      <td>0.023121</td>\n",
       "      <td>0.045238</td>\n",
       "      <td>0.010427</td>\n",
       "      <td>0.006044</td>\n",
       "      <td>0.011714</td>\n",
       "      <td>...</td>\n",
       "      <td>0.047485</td>\n",
       "      <td>0.091285</td>\n",
       "      <td>0.004012</td>\n",
       "      <td>0.072523</td>\n",
       "      <td>0.085645</td>\n",
       "      <td>0.071160</td>\n",
       "      <td>0.002221</td>\n",
       "      <td>2.166280</td>\n",
       "      <td>0.704217</td>\n",
       "      <td>0.4106</td>\n",
       "    </tr>\n",
       "    <tr>\n",
       "      <th>3</th>\n",
       "      <td>0.084234</td>\n",
       "      <td>0.072829</td>\n",
       "      <td>0.090469</td>\n",
       "      <td>0.008295</td>\n",
       "      <td>0.068197</td>\n",
       "      <td>0.024053</td>\n",
       "      <td>0.002765</td>\n",
       "      <td>0.009833</td>\n",
       "      <td>0.006569</td>\n",
       "      <td>0.012180</td>\n",
       "      <td>...</td>\n",
       "      <td>0.025761</td>\n",
       "      <td>0.095994</td>\n",
       "      <td>0.048926</td>\n",
       "      <td>0.005930</td>\n",
       "      <td>0.081458</td>\n",
       "      <td>0.075116</td>\n",
       "      <td>0.010166</td>\n",
       "      <td>2.177817</td>\n",
       "      <td>0.826090</td>\n",
       "      <td>0.3198</td>\n",
       "    </tr>\n",
       "    <tr>\n",
       "      <th>0</th>\n",
       "      <td>0.037657</td>\n",
       "      <td>0.066864</td>\n",
       "      <td>0.098438</td>\n",
       "      <td>0.035290</td>\n",
       "      <td>0.074083</td>\n",
       "      <td>0.023045</td>\n",
       "      <td>0.006580</td>\n",
       "      <td>0.030652</td>\n",
       "      <td>0.042656</td>\n",
       "      <td>0.000132</td>\n",
       "      <td>...</td>\n",
       "      <td>0.036235</td>\n",
       "      <td>0.095767</td>\n",
       "      <td>0.095421</td>\n",
       "      <td>0.061358</td>\n",
       "      <td>0.082605</td>\n",
       "      <td>0.084066</td>\n",
       "      <td>0.021547</td>\n",
       "      <td>2.213604</td>\n",
       "      <td>1.060480</td>\n",
       "      <td>0.2102</td>\n",
       "    </tr>\n",
       "    <tr>\n",
       "      <th>7</th>\n",
       "      <td>0.094343</td>\n",
       "      <td>0.090507</td>\n",
       "      <td>0.093371</td>\n",
       "      <td>0.031362</td>\n",
       "      <td>0.065315</td>\n",
       "      <td>0.079491</td>\n",
       "      <td>0.033690</td>\n",
       "      <td>0.001829</td>\n",
       "      <td>0.092820</td>\n",
       "      <td>0.096952</td>\n",
       "      <td>...</td>\n",
       "      <td>0.081654</td>\n",
       "      <td>0.082264</td>\n",
       "      <td>0.067184</td>\n",
       "      <td>0.096257</td>\n",
       "      <td>0.083952</td>\n",
       "      <td>0.047169</td>\n",
       "      <td>0.075883</td>\n",
       "      <td>2.248101</td>\n",
       "      <td>1.332335</td>\n",
       "      <td>0.1083</td>\n",
       "    </tr>\n",
       "    <tr>\n",
       "      <th>5</th>\n",
       "      <td>0.095486</td>\n",
       "      <td>0.093994</td>\n",
       "      <td>0.093294</td>\n",
       "      <td>0.095167</td>\n",
       "      <td>0.082222</td>\n",
       "      <td>0.099182</td>\n",
       "      <td>0.097186</td>\n",
       "      <td>0.077100</td>\n",
       "      <td>0.093426</td>\n",
       "      <td>0.096193</td>\n",
       "      <td>...</td>\n",
       "      <td>0.084484</td>\n",
       "      <td>0.096502</td>\n",
       "      <td>0.090066</td>\n",
       "      <td>0.099850</td>\n",
       "      <td>0.096396</td>\n",
       "      <td>0.094051</td>\n",
       "      <td>0.075975</td>\n",
       "      <td>2.262975</td>\n",
       "      <td>1.530455</td>\n",
       "      <td>0.0700</td>\n",
       "    </tr>\n",
       "  </tbody>\n",
       "</table>\n",
       "<p>8 rows × 103 columns</p>\n",
       "</div>"
      ],
      "text/plain": [
       "          0         1         2         3         4         5         6  \\\n",
       "6  0.082440  0.063217  0.048904  0.012386  0.020095  0.000430  0.097950   \n",
       "4  0.082716  0.057620  0.045992  0.012428  0.021045  0.022658  0.094423   \n",
       "2  0.043955  0.063623  0.048904  0.012736  0.083512  0.022640  0.096243   \n",
       "1  0.086031  0.063820  0.042314  0.012736  0.020972  0.023121  0.045238   \n",
       "3  0.084234  0.072829  0.090469  0.008295  0.068197  0.024053  0.002765   \n",
       "0  0.037657  0.066864  0.098438  0.035290  0.074083  0.023045  0.006580   \n",
       "7  0.094343  0.090507  0.093371  0.031362  0.065315  0.079491  0.033690   \n",
       "5  0.095486  0.093994  0.093294  0.095167  0.082222  0.099182  0.097186   \n",
       "\n",
       "          7         8         9  ...        93        94        95        96  \\\n",
       "6  0.002132  0.050201  0.003535  ...  0.005446  0.050378  0.004019  0.062004   \n",
       "4  0.002132  0.051697  0.003553  ...  0.020503  0.078331  0.004019  0.004765   \n",
       "2  0.002497  0.051862  0.003652  ...  0.020504  0.087273  0.004019  0.079706   \n",
       "1  0.010427  0.006044  0.011714  ...  0.047485  0.091285  0.004012  0.072523   \n",
       "3  0.009833  0.006569  0.012180  ...  0.025761  0.095994  0.048926  0.005930   \n",
       "0  0.030652  0.042656  0.000132  ...  0.036235  0.095767  0.095421  0.061358   \n",
       "7  0.001829  0.092820  0.096952  ...  0.081654  0.082264  0.067184  0.096257   \n",
       "5  0.077100  0.093426  0.096193  ...  0.084484  0.096502  0.090066  0.099850   \n",
       "\n",
       "         97        98        99     max_P   utility  reliability  \n",
       "6  0.010115  0.049367  0.053052  0.224333  0.451929       1.0000  \n",
       "4  0.010115  0.074414  0.053042  0.341794  0.509395       1.0000  \n",
       "2  0.048658  0.050480  0.002311  2.130997  0.610055       0.5680  \n",
       "1  0.085645  0.071160  0.002221  2.166280  0.704217       0.4106  \n",
       "3  0.081458  0.075116  0.010166  2.177817  0.826090       0.3198  \n",
       "0  0.082605  0.084066  0.021547  2.213604  1.060480       0.2102  \n",
       "7  0.083952  0.047169  0.075883  2.248101  1.332335       0.1083  \n",
       "5  0.096396  0.094051  0.075975  2.262975  1.530455       0.0700  \n",
       "\n",
       "[8 rows x 103 columns]"
      ]
     },
     "execution_count": 5,
     "metadata": {},
     "output_type": "execute_result"
    }
   ],
   "source": [
    "results.sort_values('utility', ascending=True)"
   ]
  },
  {
   "cell_type": "markdown",
   "metadata": {},
   "source": [
    "Since we are dealing with 3 outcomes of interest, we can still visualize our results in a 3d scatter plot. Alternatively, we can visualize it using a so-called parallel coordinate plot. In a parallel coordinate plot, the dimensions are visualized side by side. A line connecting the dimensions is a single point in the multidimensional space. For more than 3 dimensions, parallel coordiante plots are prefered over 3d scatter plots with additional visual encodings for the other dimensions. The workbench has support for parallel coordinate plots using `ema_workbench.analysis.parcoords`"
   ]
  },
  {
   "cell_type": "code",
   "execution_count": 6,
   "metadata": {},
   "outputs": [
    {
     "data": {
